04-Feb-2024  ***L***
[1, 8, 17, 24, 38, 8]
[0, 0, 3, 1, 1, 3]
04-Feb-2024  ***ED***
[8, 19, 26, 32, 35, 39, 3]
[-2, -3, -2, -3, -2, -1, 1]
04-Feb-2024  ***EM***
[12, 14, 21, 47, 50, [12, 7]]
[2, -2, 0, 0, -3, -2, 2]
04-Feb-2024  ***L***
[6, 8, 26, 30, 47, 3]
[1, -1, 4, -6, 1, 4]
05-Feb-2024  ***ED***
[9, 18, 32, 33, 37, 39, 5]
[-10, 3, 0, 2, 9, 10, -6]
05-Feb-2024  ***L***
[7, 19, 30, 33, 40, 9]
[-3, 1, 0, -5, -1, 4]
07-Feb-2024  ***L***
[11, 16, 27, 38, 49, 4]
[9, 7, 5, -1, 8, 7]
08-Feb-2024  ***ED***
[17, 26, 30, 35, 36, 37, 4]
[10, 2, 8, 8, 5, -8, 10]
10-Feb-2024  ***L***
[4, 9, 15, 18, 44, 4]
[-3, -2, 6, 3, 7, 3]
12-Feb-2024  ***ED***
[10, 11, 19, 23, 24, 39, 4]
[5, 9, -7, -10, -8, -3, 10]
12-Feb-2024  ***L***
[21, 23, 26, 39, 40, 5]
[-7, -9, 6, 5, 5, 4]
14-Feb-2024  ***L***
[10, 20, 28, 34, 36, 10]
[2, -6, -9, 7, -4, -6]
15-Feb-2024  ***ED***
[1, 8, 15, 19, 25, 38, 1]
[6, -10, 2, -1, 0, -3, 6]
17-Feb-2024  ***L***
[3, 28, 38, 40, 47, 9]
[4, -2, -2, -2, -5, -8]
19-Feb-2024  ***ED***
[11, 13, 17, 21, 24, 28, 2]
[-5, -7, -2, -9, -1, 9, 10]
19-Feb-2024  ***L***
[8, 33, 38, 42, 43, 6]
[7, -4, 4, -9, 7, 9]
21-Feb-2024  ***L***
[3, 10, 12, 15, 31, 1]
[-2, 1, 0, 6, -9, -4]
22-Feb-2024  ***ED***
[10, 20, 25, 27, 30, 32, 1]
[-10, -9, -10, -1, -3, 1, 6]
24-Feb-2024  ***L***
[6, 19, 23, 32, 35, 6]
[-3, 8, -3, -4, -2, -10]
26-Feb-2024  ***ED***
[15, 16, 23, 26, 27, 36, 3]
[-3, 9, 4, -4, -1, 10, 6]
26-Feb-2024  ***L***
[1, 9, 16, 31, 38, 2]
[8, 1, -8, -4, -2, 2]
28-Feb-2024  ***L***
[9, 18, 36, 39, 46, 9]
[-2, 1, 9, -6, 2, 0]
29-Feb-2024  ***ED***
[6, 13, 16, 26, 31, 34, 4]
[-10, 3, 5, 6, 1, 10, 7]
02-Mar-2024  ***L***
[5, 8, 16, 21, 34, 1]
[-9, -9, 5, -2, 5, 0]
04-Mar-2024  ***ED***
[2, 6, 9, 21, 30, 37, 1]
[10, -9, -5, 1, 10, -5, -4]
04-Mar-2024  ***L***
[2, 24, 42, 47, 49, 4]
[-3, 3, -5, 6, -1, 2]
06-Mar-2024  ***L***
[3, 5, 17, 22, 47, 9]
[8, -3, -9, 9, -1, 5]
07-Mar-2024  ***ED***
[4, 12, 15, 29, 33, 37, 1]
[4, 4, 3, 3, -1, 3, 6]
09-Mar-2024  ***L***
[11, 18, 25, 26, 36, 4]
[-5, 0, -10, -8, -6, -10]
11-Mar-2024  ***ED***
[6, 15, 22, 30, 34, 36, 4]
[-9, -4, -6, -8, -4, 2, -2]
11-Mar-2024  ***L***
[1, 5, 7, 14, 20, 10]
[7, -10, -7, -6, 0, -3]
13-Mar-2024  ***L***
[1, 6, 21, 32, 45, 7]
[-6, -5, -1, 6, -5, -1]
14-Mar-2024  ***ED***
[3, 5, 11, 23, 25, 36, 1]
[4, 1, 0, 2, -2, 3, -9]
16-Mar-2024  ***L***
[16, 25, 28, 47, 48, 10]
[0, -3, 6, -9, 6, 9]
18-Mar-2024  ***ED***
[2, 11, 16, 32, 37, 38, 2]
[8, -1, 9, -8, 5, -1, -9]
18-Mar-2024  ***L***
[7, 8, 13, 16, 28, 7]
[7, -4, -4, -5, -5, 7]
20-Mar-2024  ***L***
[10, 26, 34, 38, 41, 1]
[-10, -4, 5, -2, -10, 9]
21-Mar-2024  ***ED***
[7, 8, 16, 26, 39, 40, 3]
[-9, -3, 8, 2, 3, -2, -1]
23-Mar-2024  ***L***
[16, 25, 26, 31, 39, 6]
[3, 5, -6, -7, 9, -10]
25-Mar-2024  ***ED***
[8, 16, 22, 32, 36, 38, 5]
[-7, -9, -10, 2, -1, 2, 8]
25-Mar-2024  ***L***
[16, 19, 31, 45, 49, 2]
[-2, 5, -10, 1, -9, 4]
27-Mar-2024  ***L***
[19, 28, 32, 34, 45, 3]
[9, -10, -4, 4, 9, -9]
28-Mar-2024  ***ED***
[1, 8, 12, 17, 31, 32, 1]
[-10, 9, 2, -7, 3, 10, -6]
29-Mar-2024  ***EM***
[5, 9, 11, 16, 23, [8, 3]]
[9, -2, 0, -10, -5, -10, 1]
30-Mar-2024  ***L***
[2, 5, 7, 32, 44, 3]
[-6, -7, 0, -8, 2, -6]
01-Apr-2024  ***ED***
[5, 9, 10, 14, 15, 25, 4]
[0, 9, 4, 3, -1, 6, 5]
01-Apr-2024  ***L***
[12, 18, 23, 26, 32, 7]
[4, 8, 1, 2, -10, 10]
03-Apr-2024  ***L***
[4, 6, 13, 38, 48, 3]
[-10, -8, 4, 10, -3, 7]
04-Apr-2024  ***ED***
[5, 6, 9, 22, 30, 33, 3]
[-6, -1, -7, 10, -7, 0, 3]
06-Apr-2024  ***L***
[4, 12, 25, 27, 37, 9]
[-4, 7, -4, -5, 3, -1]
08-Apr-2024  ***ED***
[4, 5, 16, 24, 38, 39, 5]
[2, -6, -3, 0, 7, -4, -5]
08-Apr-2024  ***L***
[7, 19, 22, 27, 33, 1]
[-10, -5, 3, 0, 6, 4]
10-Apr-2024  ***L***
[2, 15, 20, 21, 32, 6]
[-3, 0, 6, -3, 7, 7]
11-Apr-2024  ***ED***
[1, 13, 14, 28, 29, 34, 3]
[-9, -9, -8, -6, -4, 5, 3]
13-Apr-2024  ***L***
[1, 3, 32, 41, 47, 8]
[-5, 1, 0, 2, 6, 0]
15-Apr-2024  ***ED***
[16, 18, 27, 31, 35, 40, 4]
[-3, 3, -2, -10, -8, -2, 8]
15-Apr-2024  ***L***
[18, 32, 36, 42, 43, 4]
[10, -7, 8, -2, -6, 4]
17-Apr-2024  ***L***
[3, 5, 11, 40, 42, 10]
[-7, -10, -9, -10, 4, -9]
18-Apr-2024  ***ED***
[11, 13, 17, 21, 27, 35, 4]
[10, 8, 5, 6, 1, 10, 9]
20-Apr-2024  ***L***
[9, 31, 32, 36, 37, 5]
[4, 0, -8, 3, 9, 7]
